image_width: 640
image_height: 480
camera_name: xtion1_rgb
camera_matrix:
    rows: 3
    cols: 3
    data: [534.737012, 0.000000, 316.742640, 0.000000, 535.280699, 239.598282, 0.000000, 0.000000, 1.000000]
distortion_model: plumb_bob
distortion_coefficients:
    rows: 1
    cols: 5
    data: [0.026906, -0.084869, -0.000108, -0.000489, 0.000000]
rectification_matrix:
    rows: 3
    cols: 3
    data: [1, 0, 0, 0, 1, 0, 0, 0, 1]
projection_matrix:
    rows: 3
    cols: 4
    data: [534.737012, 0.000000, 316.742640, 0, 0.000000, 535.280699, 239.598282, 0, 0.000000, 0.000000, 1.000000, 0]
