image_width: 640
image_height: 480
camera_name: xtion2_rgb
camera_matrix:
    rows: 3
    cols: 3
    data: [538.818644, 0.000000, 317.167324, 0.000000, 540.115026, 238.573541, 0.000000, 0.000000, 1.000000]
distortion_model: plumb_bob
distortion_coefficients:
    rows: 1
    cols: 5
    data: [0.030148, -0.091160, -0.001313, -0.000158, 0.000000]
rectification_matrix:
    rows: 3
    cols: 3
    data: [1, 0, 0, 0, 1, 0, 0, 0, 1]
projection_matrix:
    rows: 3
    cols: 4
    data: [538.818644, 0.000000, 317.167324, 0, 0.000000, 540.115026, 238.573541, 0, 0.000000, 0.000000, 1.000000, 0]
